image: run2.pgm
resolution: 0.050000
origin: [-0.822850, -3.675160, 0.000000]
negate: 0
occupied_thresh: 0.65
free_thresh: 0.196

